10 15
0 
0 0 0
2 5 4 
1 0 0
17
1 55 2 C 10 1
2 55 2 C 1 15
0 20 1 V 1 9
2 30 2 T 1 13
1 40 1 C 2 3
1 30 1 T 3 1
0 20 1 V 3 8
1 5 1 C 3 14
1 80 1 F 4 5
1 25 1 F 5 12
1 30 1 T 6 3
0 30 1 T 7 10
1 40 1 C 8 2
1 20 1 V 8 6
0 30 1 T 8 15
0 40 1 C 9 13
1 30 1 T 10 3
0 0 0 0 0 0 0 0 0 0 0 0 1 0 0 0 1 
0 0 0 1 0 0 0 1 0 0 0 0 0 0 0 0 0 
0 0 0 1 0 0 1 1 0 0 0 0 0 0 0 0 0 
0 1 1 0 0 0 0 1 0 0 0 0 0 0 0 0 0 
0 0 0 0 0 1 1 0 1 0 0 0 0 0 0 0 0 
0 0 0 0 1 0 0 0 1 0 1 0 0 0 0 0 0 
0 0 1 0 1 0 0 1 1 1 0 0 0 0 0 0 0 
0 1 1 1 0 0 1 0 0 1 0 0 0 0 1 0 0 
0 0 0 0 1 1 1 0 0 1 1 1 0 0 0 0 0 
0 0 0 0 0 0 1 1 1 0 0 1 0 0 1 0 0 
0 0 0 0 0 1 0 0 1 0 0 1 1 1 0 0 0 
0 0 0 0 0 0 0 0 1 1 1 0 0 1 0 1 0 
1 0 0 0 0 0 0 0 0 0 1 0 0 1 0 0 1 
0 0 0 0 0 0 0 0 0 0 1 1 1 0 0 0 1 
0 0 0 0 0 0 0 1 0 1 0 0 0 0 0 1 0 
0 0 0 0 0 0 0 0 0 0 0 1 0 0 1 0 0 
1 0 0 0 0 0 0 0 0 0 0 0 1 1 0 0 0 
.